4805
5668
3774
4129
3117
6879
4929
4064
8428
6967
8393
5787
2807
6690
3237
3112
8555
5182
2029
3508
6364
9057
8563
2581
2662
2971
1445
5364
9594
9367
7294
1844
4398
9273
9254
7945
2217
2529
3494
1896
9394
4780
2560
2131
5875
9562
4693
2327
1497
5273
2790
2238
1368
2717
4754
7161
5629
3270
5824
4109
5384
6408
7552
8088
5847
8258
6573
7484
4888
6383
6536
9759
4174
1043
7445
9665
8071
5482
4848
3999
6499
5944
5681
3685
9087
3947
6190
1152
5786
5131
3962
9501
8953
2054
2952
2962
1857
6018
9973
4915
4849
2436
9889
6253
4492
2620
8062
4329
1800
7360
2208
4029
7677
8709
7424
5697
2000
3925
5642
5229
5114
6294
5249
4442
7889
3362
5438
3248
8248
1928
1378
1855
4519
8138
1927
8070
5469
6017
8171
4092
4900
5864
2821
4445
4753
5944
2080
2329
6744
3745
4373
8075
5767
6076
8357
6709
9613
7850
8967
2008
3390
2880
7770
1310
4834
3661
3582
9768
9911
4357
5711
6321
8910
6060
4960
5837
4019
1574
4786
6301
6505
2489
2579
7565
2500
9083
7411
6580
7853
7345
8626
5532
3005
2494
6182
5502
1323
9615
8673
8245