27486246
27624149
27789483
27430327
27032557
27313077
27051743
27934382
27657352
27398976
27943699
27984789
27601798
27273583
27078363
27139534
27844018
27097207
27099013
27547573
27478911
27959840
27517471
27025020
27397966
27259855
27887514
27183516
27905621
27161724
27452416
27793407
27811253
27847122
27445183
27439320
27112816
27626168
27763219
27393589
27493965
27549553
27933869
27306088
27771319
27266586
27029197
27105432
27487206
27160469
27395552
27108504
27869657
27606902
27989612
27126449
27871195
27734234
27698260
27904574
27330026
27781803
27488721
27624566
27164136
27288981
27557401
27978413
27585443
27161000
27269798
27581955
27457327
27464016
27423202
27647672
27717054
27637927
27801862
27296480
27150416
27998291
27149670
27196141
27647388
27555222
27448332
27379142
27134636
27076817
27959040
27071102
27205070
27248819
27796237
27834634
27188904
27210698
27679925
27460257
27280928
27628482
27795032
27185819
27513644
27546323
27965920
27007061
27115264
27228068
27933931
27472060
27100884
27157087
27673865
27068620
27529110
27645034
27153589
27411373
27170312
27181367
27137359
27019836
27178135
27118084
27923412
27159816
27620267
27871509
27629674
27197617
27846527
27544053
27962892
27630350
27003906
27955737
27425542
27214251
27134569
27548750
27333485
27552582
27704398
27976505
27546970
27576116
27033964
27828404
27787389
27203542
27237238
27930221
27044404
27785889
27757613
27808608
27895025
27817906
27592789
27437260
27251360
27761283
27553506
27473705
27752685
27864929
27152891
27911763
27088263
27257935
27144753
27704273
27347925
27019711
27962321
27993268
27634340
27207316
27478838
27079740
27566089
27137604
27064342
27682576
27687162
27873095
27067011
27051702
27101449
27986207
27610425
27860348
27313044
27007766
27511059
27055113
27862339
27602032
27926258
27339297
27943545
27245830
27009908
27389815
27415110
27342322
27193156
27911825
27710120
27269476
27847666
27906559
27435665
27546771
27720069
27620175
27211864
27626336
27115833
27060541
27343845
27657303
27648941
27387705
27749005
27721375
27067230
27474187
27476374
27057409
27909669
27107597
27902187
27513282
27482781
27443837
27926218
27378032
27011139
27474093
27690560
27523642
27572319
27641036
27236321
27368213
27228071
27803710
27064121
27506078
27886530
27566456
27030573
27218118
27398537
27849100
27845467
27167394
27458825
27653861
27315276
27417413
27640938
27711510
27164602
27432497
27036376
27783219
27013734
27203856
27661371
27779251
27534548
27465771
27534638
27014193
27382598
27614789
27152267
27687681
27432084
27640832
27662946
27810727
27854863
27570686
27119946
27933582
27062590
27091000
27639531
27290465
27759710
27872701
27458249
27382583
27509993
27836631
27401664
27315063
27212570
27482518
27616926
27530346
27555430
27790227
27819859
27987290
27155900
27329876
27193528
27852747
27213152
27890871
27686809
27875449
27080396
27639646
27588618
27490130
27009170
27862408
27568872
27439163
27099320
27970276
27201585
27734666
27295075
27281006
27929394
27196749
27151343
27257616
27491848
27263967
27888316
27392006
27708845
27935653
27991105
27339633
27597664
27655914
27206144
27056112
27549087
27310261
27184889
27608322
27381780
27037738
27656175
27250543
27671915
27875901
27073984
27393837
27151175
27834867
27695510
27740802
27771614
27959430
27882340
27315266
27814514
27163309
27227576
27825474
27227537
27621273
27185562
27013201
27798853
27221485
27691847
27470984
27073331
27952843
27662850
27510782
27781015
27362245
27892608
27684124
27145901
27284457
27122129
27379649
27182106
27154347
27114503
27917387
27524436
27859069
27004436
27230067
27052853
27324572
27655353
27587040
27147552
27309062
27679166
27661040
27510898
27860582
27199059
27562506
27053859
27091343
27335801
27075517
27126895
27327846
27051627
27146406
27437713
27605162
27780596
27452386
27202586
27940756
27581577
27792343
27485043
27154611
27440258
27072272
27872771
27253732
27017864
27333595
27227813
27002098
27455603
27523184
27494528
27465306
27727579
27025565
27984166
27227399
27140613
27477046
27659316
27200322
27505948
27883690
27057850
27101113
27982076
27231797
27242057
27133718
27477119
27199278
27528569
27144295
27219369
27074648
27450691
27993595
27632402
27922296
27249335
27479160
27708026
27536904
27112678
27994096
27578660
27299293
27743721
27771426
27785662
27814959
27582578
27438434
27899834
27580534
27082915
27043148
27158590
27571527
27994144
27788511
27809978
27906203
27633352
27190378
27550618
27856401
27768940
27469303
27532942
27965588